(setf x ‘(
(1 0)
(2 -1)
(3 1)
(4 0)
(5 1)
(6 0)
(7 1)
(8 1)
(9 0)
(10 0)
(11 -1)
(12 -1)
(13 1)
(14 0)
(15 1)
(16 1)
(17 1)
(18 1)
(19 0)
(20 1)
(21 1)
(22 0)
(23 0)
(24 0)
(25 1)
(26 -1)
(27 0)
(28 0)
(29 0)
(30 0)
(31 1)
(32 0)
(33 1)
(34 0)
(35 1)
(36 1)
(37 0)
(38 -1)
(39 1)
(40 1)
(41 -1)
(42 1)
(43 1)
(44 0)
(45 1)
(46 0)
(47 0)
(48 1)
(49 1)
(50 0)
(51 0)
(52 1)
(53 1)
(54 0)
(55 0)
(56 0)
(57 1)
(58 0)
(59 1)
(60 0)
(61 0)
(62 0)
(63 0)
(64 1)
(65 0)
(66 0)
(67 1)
(68 1)
(69 0)
(70 -1)
(71 0)
(72 -1)
(73 0)
(74 -1)
(75 -1)
(76 -1)
(77 1)
(78 1)
(79 1)
(80 0)
(81 1)
(82 0)
(83 0)
(84 -1)
(85 1)
(86 1)
(87 0)
(88 0)
(89 1)
(90 0)
(91 0)
(92 -1)
(93 1)
(94 1)
(95 -1)
(96 0)
(97 0)
(98 0)
(99 -1)
(100 0)
(101 -1)
(102 -1)
(103 0)
(104 1)
(105 1)
(106 0)
(107 0)
(108 0)
(109 1)
(110 0)
(111 1)
(112 0)
(113 -1)
(114 1)
(115 1)
(116 1)
(117 0)
(118 0)
(119 1)
(120 0)
(121 0)
(122 1)
(123 -1)
(124 0)
(125 1)
(126 0)
(127 1)
(128 0)
(129 1)
(130 0)
(131 0)
(132 1)
(133 0)
(134 0)
(135 1)
(136 -1)
(137 1)
(138 -1)
(139 1)
(140 0)
(141 0)
(142 1)
(143 0)
(144 -1)
(145 0)
(146 1)
(147 0)
(148 0)
(149 1)
(150 0)
(151 1)
(152 1)
(153 1)
(154 1)
(155 1)
(156 0)
(157 1)
(158 0)
(159 1)
(160 1)
(161 0)
(162 1)
(163 1)
(164 -1)
(165 0)
(166 1)
(167 1)
(168 1)
(169 1)
(170 0)
(171 1)
(172 1)
(173 -1)
(174 1)
(175 1)
(176 0)
(177 1)
(178 1)
(179 1)
(180 1)
(181 1)
(182 -1)
(183 0)
(184 0)
(185 0)
(186 1)
(187 0)
(188 0)
(189 0)
(190 0)
(191 0)
(192 0)
(193 1)
(194 0)
(195 1)
(196 -1)
(197 1)
(198 0)
(199 0)
(200 1)
(201 1)
(202 0)
(203 0)
(204 0)
(205 0)
(206 -1)
(207 1)
(208 -1)
(209 1)
(210 -1)
(211 1)
(212 0)
(213 1)
(214 1)
(215 1)
(216 1)
(217 -1)
(218 0)
(219 1)
(220 0)
(221 1)
(222 1)
(223 0)
(224 1)
(225 -1)
(226 0)
(227 1)
(228 0)
(229 1)
(230 -1)
(231 1)
(232 0)
(233 0)
(234 0)
(235 1)
(236 1)
(237 0)
(238 1)
(239 1)
(240 1)
(241 0)
(242 0)
(243 0)
(244 1)
(245 1)
(246 1)
(247 1)
(248 0)
(249 1)
(250 1)
(251 0)
(252 -1)
(253 1)
(254 0)
(255 1)
(256 1)
(257 0)
(258 1)
(259 0)
(260 -1)
(261 1)
(262 0)
(263 0)
(264 0)
(265 0)
(266 1)
(267 0)
(268 1)
(269 0)
(270 1)
(271 1)
(272 1)
(273 0)
(274 1)
(275 1)
(276 1)
(277 0)
(278 1)
(279 1)
(280 0)
(281 0)
(282 1)
(283 1)
(284 1)
(285 1)
(286 0)
(287 -1)
(288 0)
(289 -1)
(290 0)
(291 1)
(292 1)
(293 1)
(294 1)
(295 0)
(296 0)
(297 -1)
(298 0)
(299 1)
(300 -1)
(301 0)
(302 0)
(303 1)
(304 -1)
(305 1)
(306 -1)
(307 1)
(308 0)
(309 -1)
(310 0)
(311 -1)
(312 0)
(313 0)
(314 1)
(315 1)
(316 1)
(317 0)
(318 -1)
(319 -1)
(320 -1)
(321 0)
(322 1)
(323 0)
(324 0)
(325 1)
(326 1)
(327 1)
(328 1)
(329 0)
(330 0)
(331 1)
(332 1)
(333 0)
(334 1)
(335 -1)
(336 1)
(337 0)
(338 0)
(339 0)
(340 1)
(341 1)
(342 0)
(343 1)
(344 0)
(345 1)
(346 1)
(347 0)
(348 0)
(349 1)
(350 0)
(351 0)
(352 1)
(353 1)
(354 1)
(355 0)
(356 1)
(357 0)
(358 1)
(359 0)
(360 0)
(361 1)
(362 1)
(363 1)
(364 1)
(365 0)
(366 0)
(367 0)
(368 1)
(369 1)
(370 1)
(371 0)
(372 1)
(373 1)
(374 -1)
(375 1)
(376 0)
(377 0)
(378 -1)
(379 -1)
(380 0)
(381 1)
(382 0)
(383 1)
(384 0)
(385 1)
(386 -1)
(387 -1)
(388 -1)
(389 0)
(390 0)
(391 0)
(392 0)
(393 -1)
(394 0)
(395 0)
(396 1)
(397 0)
(398 0)
(399 -1)
(400 0)
(401 -1)
(402 -1)
(403 0)
(404 -1)
(405 0)
(406 1)
(407 0)
(408 0)
(409 -1)
(410 -1)
(411 -1)
(412 1)
(413 0)
(414 0)
(415 -1)
(416 0)
(417 0)
(418 0)
(419 0)
(420 -1)
(421 0)
(422 0)
(423 -1)
(424 0)
(425 -1)
(426 0)
(427 -1)
(428 -1)
(429 -1)
(430 -1)
(431 -1)
(432 0)
(433 0)
(434 1)
(435 0)
(436 0)
(437 0)
(438 0)
(439 0)
(440 0)
(441 -1)
(442 0)
(443 0)
(444 0)
(445 0)
(446 -1)
(447 1)
(448 0)
(449 0)
(450 0)
(451 1)
(452 1)
(453 1)
(454 0)
(455 0)
(456 0)
(457 0)
(458 -1)
(459 -1)
(460 0)
(461 0)
(462 -1)
(463 -1)
(464 1)
(465 1)
(466 -1)
(467 -1)
(468 0)
(469 0)
(470 0)
(471 0)
(472 0)
(473 0)
(474 1)
(475 -1)
(476 -1)
(477 -1)
(478 -1)
(479 -1)
(480 -1)
(481 -1)
(482 1)
(483 0)
(484 -1)
(485 1)
(486 0)
(487 -1)
(488 0)
(489 0)
(490 0)
(491 -1)
(492 -1)
(493 0)
(494 1)
(495 0)
(496 0)
(497 -1)
(498 0)
(499 0)
(500 -1)
(501 0)
(502 0)
(503 0)
(504 -1)
(505 0)
(506 0)
(507 0)
(508 1)
(509 1)
(510 -1)
(511 0)
(512 -1)
(513 -1)
(514 0)
(515 -1)
(516 0)
(517 0)
(518 0)
(519 0)
(520 -1)
(521 -1)
(522 -1)
(523 0)
(524 0)
(525 0)
(526 0)
(527 0)
(528 0)
(529 -1)
(530 0)
(531 0)
(532 0)
(533 0)
(534 0)
(535 -1)
(536 -1)
(537 0)
(538 0)
(539 -1)
(540 0)
(541 -1)
(542 -1)
(543 -1)
(544 0)
(545 0)
(546 0)
(547 -1)
(548 0)
(549 0)
(550 -1)
(551 0)
(552 -1)
(553 0)
(554 -1)
(555 0)
(556 -1)
(557 -1)
(558 0)
(559 -1)
(560 0)
(561 0)
(562 0)
(563 -1)
(564 -1)
(565 1)
(566 -1)
(567 -1)
(568 0)
(569 0)
(570 1)
(571 0)
(572 -1)
(573 0)
(574 0)
(575 0)
(576 0)
(577 -1)
(578 -1)
(579 -1)
(580 0)
(581 -1)
(582 0)
(583 0)
(584 -1)
(585 -1)
(586 0)
(587 1)
(588 0)
(589 0)
(590 0)
(591 0)
(592 0)
(593 -1)
(594 -1)
(595 1)
(596 0)
(597 0)
(598 0)
(599 -1)
(600 -1)
(601 -1)
(602 0)
(603 -1)
(604 0)
(605 0)
(606 -1)
(607 0)
(608 -1)
(609 -1)
(610 -1)
(611 -1)
(612 -1)
(613 1)
(614 0)
(615 0)
(616 -1)
(617 -1)
(618 0)
(619 0)
(620 -1)
(621 0)
(622 0)
(623 -1)
(624 0)
(625 0)
(626 0)
(627 0)
(628 0)
(629 0)
(630 0)
(631 -1)
(632 -1)
(633 0)
(634 -1)
(635 0)
(636 1)
(637 1)
(638 0)
(639 0)
(640 -1)
(641 1)
(642 0)
(643 0)
(644 0)
(645 0)
(646 0)
(647 -1)
(648 0)
(649 0)
(650 -1)
(651 0)
(652 0)
(653 -1)
(654 0)
(655 -1)
(656 0)
(657 0)
(658 0)
(659 0)
(660 0)
(661 0)
(662 -1)
(663 0)
(664 0)
(665 -1)
(666 1)
(667 0)
(668 -1)
(669 0)
(670 1)
(671 0)
(672 0)
(673 -1)
(674 1)
(675 0)
(676 0)
(677 0)
(678 0)
(679 -1)
(680 0)
(681 0)
(682 0)
(683 0)
(684 0)
(685 1)
(686 -1)
(687 -1)
(688 -1)
(689 -1)
(690 -1)
(691 0)
(692 1)
(693 -1)
(694 -1)
(695 -1)
(696 0)
(697 0)
(698 0)
(699 0)
(700 0)
(701 1)
(702 0)
(703 -1)
(704 0)
(705 0)
(706 1)
(707 0)
(708 0)
(709 0)
(710 0)
(711 0)
(712 0)
(713 0)
(714 0)
(715 0)
(716 0)
(717 0)
(718 0)
(719 1)
(720 -1)
(721 0)
(722 1)
(723 0)
(724 1)
(725 0)
(726 -1)
(727 0)
(728 -1)
(729 -1)
(730 0)
(731 -1)
(732 0)
(733 0)
(734 0)
(735 -1)
(736 0)
(737 0)
(738 0)
(739 -1)
(740 0)
(741 -1)
(742 -1)
(743 0)
(744 -1)
(745 -1)
(746 0)
(747 -1)
(748 0)
(749 -1)
(750 0)
(751 1)
(752 0)
(753 -1)
(754 0)
(755 0)
(756 -1)
(757 -1)
(758 0)
(759 0)
(760 1)
(761 -1)
(762 -1)
(763 -1)
(764 0)
(765 0)
(766 0)
(767 -1)
(768 -1)
(769 1)
(770 -1)
(771 -1)
(772 -1)
(773 0)
(774 0)
(775 -1)
(776 -1)
(777 1)
(778 0)
(779 0)
(780 0)
(781 1)
(782 0)
(783 0)
(784 -1)
(785 0)
(786 0)
(787 0)
(788 -1)
(789 0)
(790 0)
(791 -1)
(792 1)
(793 1)
(794 0)
(795 0)
(796 0)
(797 -1)
(798 0)
(799 -1)
(800 0)
(801 0)
(802 0)
(803 0)
(804 1)
(805 -1)
(806 -1)
(807 0)
(808 -1)
(809 -1)
(810 -1)
(811 0)
(812 0)
(813 -1)
(814 0)
(815 0)
(816 -1)
(817 0)
(818 -1)
(819 0)
(820 -1)
(821 -1)
(822 0)
(823 0)
(824 0)
(825 -1)
(826 0)
(827 0)
(828 0)
(829 0)
(830 -1)
(831 0)
(832 -1)
(833 -1)
(834 -1)
(835 0)
(836 0)
(837 -1)
(838 0)
(839 0)
(840 0)
(841 -1)
(842 0)
(843 0)
(844 1)
(845 0)
(846 0)
(847 0)
(848 0)
(849 -1)
(850 -1)
(851 -1)
(852 0)
(853 -1)
(854 -1)
(855 0)
(856 0)
(857 -1)
(858 0)
(859 0)
(860 1)
(861 -1)
(862 1)
(863 0)
(864 -1)
(865 0)
(866 0)
(867 0)
(868 0)
(869 0)
(870 0)
(871 0)
(872 0)
(873 0)
(874 0)
(875 0)
(876 0)
(877 0)
(878 0)
(879 0)
(880 0)
(881 -1)
(882 0)
(883 0)
(884 0)
(885 0)
(886 0)
(887 1)
(888 -1)
(889 -1)
(890 0)
(891 0)
(892 0)
(893 1)
(894 1)
(895 -1)
(896 0)
(897 0)
(898 1)
(899 0)
(900 0)
(901 0)
(902 0)
(903 0)
(904 0)
(905 0)
(906 0)
(907 0)
(908 0)
(909 0)
(910 0)
(911 0)
(912 0)
(913 0)
(914 1)
(915 -1)
(916 0)
(917 -1)
(918 -1)
(919 0)
(920 0)
(921 0)
(922 -1)
(923 0)
(924 0)
(925 0)
(926 1)
(927 0)
(928 0)
(929 0)
(930 0)
(931 0)
(932 0)
(933 -1)
(934 0)
(935 0)
(936 0)
(937 0)
(938 -1)
(939 0)
(940 0)
(941 0)
(942 -1)
(943 -1)
(944 -1)
(945 -1)
(946 -1)
(947 -1)
(948 -1)
(949 1)
(950 -1)
(951 -1)
(952 0)
(953 0)
(954 -1)
(955 0)
(956 -1)
(957 1)
(958 -1)
(959 -1)
(960 -1)
(961 1)
(962 -1)
(963 -1)
(964 -1)
(965 -1)
(966 -1)
(967 -1)
(968 -1)
(969 -1)
(970 -1)
(971 -1)
(972 -1)
(973 -1)
(974 0)
(975 -1)
(976 -1)
(977 -1)
(978 -1)
(979 -1)
(980 -1)
(981 -1)
(982 -1)
(983 -1)
(984 -1)
(985 -1)
(986 -1)
(987 -1)
(988 -1)
(989 -1)
(990 -1)
(991 -1)
(992 -1)
(993 -1)
(994 -1)
(995 -1)
(996 -1)
(997 -1)
(998 1)
(999 -1)
(1000 0)
(1001 -1)
(1002 -1)
(1003 -1)
(1004 -1)
(1005 0)
(1006 -1)
(1007 -1)
(1008 -1)
(1009 0)
(1010 -1)
(1011 0)
(1012 -1)
(1013 -1)
(1014 -1)
(1015 0)
(1016 -1)
(1017 -1)
(1018 -1)
(1019 -1)
(1020 0)
(1021 0)
(1022 1)
(1023 -1)
(1024 -1)
(1025 0)
(1026 -1)
(1027 -1)
(1028 -1)
(1029 -1)
(1030 -1)
(1031 0)
(1032 -1)
(1033 -1)
(1034 -1)
(1035 -1)
(1036 0)
(1037 -1)
(1038 -1)
(1039 -1)
(1040 -1)
(1041 -1)
(1042 -1)
(1043 -1)
(1044 -1)
(1045 -1)
(1046 -1)
(1047 -1)
(1048 -1)
(1049 -1)
(1050 -1)
(1051 -1)
(1052 -1)
(1053 0)
(1054 0)
(1055 -1)
(1056 -1)
(1057 -1)
(1058 -1)
(1059 0)
(1060 -1)
(1061 0)
(1062 -1)
(1063 -1)
(1064 0)
(1065 -1)
(1066 -1)
(1067 -1)
(1068 -1)
(1069 -1)
(1070 -1)
(1071 -1)
(1072 1)
(1073 -1)
(1074 0)
(1075 -1)
(1076 -1)
(1077 -1)
(1078 -1)
(1079 -1)
(1080 -1)
(1081 -1)
(1082 -1)
(1083 -1)
(1084 -1)
(1085 -1)
(1086 -1)
(1087 -1)
(1088 -1)
(1089 -1)
(1090 -1)
(1091 -1)
(1092 -1)
(1093 -1)
(1094 -1)
(1095 -1)
(1096 -1)
(1097 -1)
(1098 -1)
(1099 -1)
(1100 -1)
(1101 -1)
(1102 -1)
(1103 -1)
(1104 -1)
(1105 -1)
(1106 -1)
(1107 -1)
(1108 -1)
(1109 -1)
(1110 -1)
(1111 -1)
(1112 -1)
(1113 -1)
(1114 0)
(1115 -1)
(1116 -1)
(1117 -1)
(1118 -1)
(1119 -1)
(1120 -1)
(1121 -1)
(1122 -1)
(1123 -1)
(1124 -1)
(1125 -1)
(1126 -1)
(1127 -1)
(1128 -1)
(1129 -1)
(1130 -1)
(1131 0)
(1132 -1)
(1133 -1)
(1134 -1)
(1135 -1)
(1136 -1)
(1137 -1)
(1138 0)
(1139 0)
(1140 -1)
(1141 -1)
(1142 -1)
(1143 0)
(1144 0)
(1145 0)
(1146 -1)
(1147 -1)
(1148 -1)
(1149 -1)
(1150 -1)
(1151 -1)
(1152 -1)
(1153 0)
(1154 -1)
(1155 -1)
(1156 -1)
(1157 -1)
(1158 -1)
(1159 -1)
(1160 -1)
(1161 -1)
(1162 -1)
(1163 -1)
(1164 -1)
(1165 -1)
(1166 -1)
(1167 -1)
(1168 0)
(1169 1)
(1170 0)
(1171 -1)
(1172 -1)
(1173 0)
(1174 0)
(1175 -1)
(1176 -1)
(1177 1)
(1178 -1)
(1179 -1)
(1180 -1)
(1181 0)
(1182 -1)
(1183 0)
(1184 -1)
(1185 -1)
(1186 -1)
(1187 0)
(1188 0)
(1189 -1)
(1190 0)
(1191 -1)
(1192 -1)
(1193 -1)
(1194 0)
(1195 1)
(1196 -1)
(1197 -1)
(1198 -1)
(1199 -1)
(1200 -1)
(1201 -1)
(1202 0)
(1203 -1)
(1204 -1)
(1205 0)
(1206 -1)
(1207 -1)
(1208 -1)
(1209 -1)
(1210 -1)
(1211 0)
(1212 -1)
(1213 -1)
(1214 0)
(1215 0)
(1216 1)
(1217 0)
(1218 -1)
(1219 -1)
(1220 -1)
(1221 -1)
(1222 -1)
(1223 -1)
(1224 -1)
(1225 -1)
(1226 -1)
(1227 -1)
(1228 -1)
(1229 -1)
(1230 -1)
(1231 -1)
(1232 -1)
(1233 -1)
(1234 -1)
(1235 -1)
(1236 -1)
(1237 -1)
(1238 -1)
(1239 -1)
(1240 -1)
(1241 -1)
(1242 -1)
(1243 0)
(1244 0)
(1245 -1)
(1246 1)
(1247 -1)
(1248 -1)
(1249 -1)
(1250 -1)
(1251 0)
(1252 0)
(1253 -1)
(1254 0)
(1255 0)
(1256 -1)
(1257 -1)
(1258 -1)
(1259 -1)
(1260 0)
(1261 0)
(1262 -1)
(1263 0)
(1264 -1)
(1265 -1)
(1266 -1)
(1267 -1)
(1268 -1)
(1269 -1)
(1270 -1)
(1271 0)
(1272 0)
(1273 1)
(1274 0)
(1275 0)
(1276 -1)
(1277 -1)
(1278 -1)
(1279 0)
(1280 -1)
(1281 -1)
(1282 -1)
(1283 -1)
(1284 0)
(1285 0)
(1286 0)
(1287 -1)
(1288 -1)
(1289 -1)
(1290 -1)
(1291 0)
(1292 -1)
(1293 0)
(1294 -1)
(1295 -1)
(1296 -1)
(1297 0)
(1298 0)
(1299 -1)
(1300 -1)
(1301 -1)
(1302 -1)
(1303 0)
(1304 -1)
(1305 -1)
(1306 -1)
(1307 1)
(1308 -1)
(1309 -1)
(1310 -1)
(1311 -1)
(1312 -1)
(1313 -1)
(1314 -1)
(1315 0)
(1316 -1)
(1317 -1)
(1318 -1)
(1319 0)
(1320 1)
(1321 -1)
(1322 0)
(1323 -1)
(1324 0)
(1325 -1)
(1326 1)
(1327 0)
(1328 -1)
(1329 -1)
(1330 -1)
(1331 -1)
(1332 -1)
(1333 -1)
(1334 -1)
(1335 -1)
(1336 -1)
(1337 -1)
(1338 -1)
(1339 -1)
(1340 -1)
(1341 -1)
(1342 -1)
(1343 0)
(1344 -1)
(1345 -1)
(1346 -1)
(1347 -1)
(1348 -1)
(1349 -1)
(1350 1)
(1351 -1)
(1352 0)
(1353 0)
(1354 -1)
(1355 0)
(1356 -1)
(1357 -1)
(1358 -1)
(1359 0)
(1360 -1)
(1361 -1)
(1362 -1)
(1363 0)
(1364 -1)
(1365 0)
(1366 -1)
(1367 -1)
(1368 -1)
(1369 -1)
(1370 -1)
(1371 0)
(1372 -1)
(1373 -1)
(1374 -1)
(1375 -1)
(1376 0)
(1377 0)
(1378 -1)
(1379 0)
(1380 0)
(1381 -1)
(1382 0)
(1383 0)
(1384 -1)
(1385 -1)
(1386 -1)
(1387 -1)
(1388 -1)
(1389 -1)
(1390 -1)
(1391 -1)
(1392 -1)
(1393 -1)
(1394 -1)
(1395 -1)
(1396 -1)
(1397 -1)
(1398 -1)
(1399 -1)
(1400 -1)
(1401 1)
(1402 -1)
(1403 0)
(1404 0)
(1405 0)
(1406 -1)
(1407 0)
(1408 0)
(1409 0)
(1410 -1)
(1411 -1)
(1412 -1)
(1413 -1)
(1414 1)
(1415 -1)
(1416 0)
(1417 0)
(1418 -1)
(1419 -1)
(1420 -1)
(1421 -1)
(1422 -1)
(1423 -1)
(1424 -1)
(1425 1)
(1426 0)
(1427 -1)
(1428 0)
(1429 -1)
(1430 -1)
(1431 0)
(1432 1)
(1433 0)
(1434 -1)
(1435 -1)
(1436 -1)
(1437 0)
(1438 -1)
(1439 -1)
(1440 -1)
(1441 -1)
(1442 -1)
(1443 -1)
(1444 -1)
(1445 -1)
(1446 -1)
(1447 -1)
(1448 0)
(1449 -1)
(1450 -1)
(1451 -1)
(1452 0)
(1453 -1)
(1454 0)
(1455 -1)
(1456 -1)
(1457 -1)
(1458 -1)
(1459 -1)
(1460 -1)
(1461 -1)
(1462 0)
(1463 0)
(1464 -1)
(1465 0)
(1466 -1)
(1467 -1)
(1468 0)
(1469 -1)
(1470 -1)
(1471 0)
(1472 -1)
(1473 -1)
(1474 -1)
(1475 -1)
(1476 -1)
(1477 -1)
(1478 -1)
(1479 -1)
(1480 -1)
(1481 -1)
(1482 -1)
(1483 -1)
(1484 -1)
(1485 -1)
(1486 -1)
(1487 -1)
(1488 -1)
(1489 -1)
(1490 -1)
(1491 0)
(1492 -1)
(1493 -1)
(1494 -1)
(1495 -1)
(1496 -1)
(1497 0)
(1498 -1)
(1499 -1)
(1500 -1)
(1501 0)
(1502 -1)
(1503 0)
(1504 -1)
(1505 -1)
(1506 1)
(1507 -1)
(1508 -1)
(1509 0)
(1510 -1)
(1511 -1)
(1512 0)
(1513 -1)
(1514 1)
(1515 -1)
(1516 0)
(1517 -1)
(1518 -1)
(1519 -1)
(1520 -1)
(1521 -1)
(1522 -1)
(1523 -1)
(1524 -1)
(1525 -1)
(1526 0)
(1527 -1)
(1528 0)
(1529 -1)
(1530 -1)
(1531 -1)
(1532 -1)
(1533 -1)
(1534 -1)
(1535 -1)
(1536 0)
(1537 -1)
(1538 -1)
(1539 -1)
(1540 -1)
(1541 -1)
(1542 -1)
(1543 -1)
(1544 0)
(1545 -1)
(1546 1)
(1547 -1)
(1548 -1)
(1549 -1)
(1550 0)
(1551 -1)
(1552 -1)
(1553 -1)
(1554 0)
(1555 -1)
(1556 -1)
(1557 -1)
(1558 -1)
(1559 0)
(1560 0)
(1561 -1)
(1562 -1)
(1563 0)
(1564 -1)
(1565 0)
(1566 -1)
(1567 -1)
(1568 0)
(1569 -1)
(1570 -1)
(1571 -1)
(1572 -1)
(1573 -1)
(1574 -1)
(1575 -1)
(1576 1)
(1577 1)
(1578 0)
(1579 -1)
(1580 1)
(1581 -1)
(1582 -1)
(1583 0)
(1584 -1)
(1585 -1)
(1586 -1)
(1587 -1)
(1588 -1)
(1589 -1)
(1590 -1)
(1591 -1)
(1592 -1)
(1593 -1)
(1594 -1)
(1595 -1)
(1596 1)
(1597 -1)
(1598 -1)
(1599 -1)
(1600 0)
(1601 -1)
(1602 0)
(1603 -1)
(1604 -1)
(1605 -1)
(1606 0)
(1607 -1)
(1608 -1)
(1609 -1)
(1610 0)
(1611 -1)
(1612 -1)
(1613 -1)
(1614 -1)
(1615 -1)
(1616 0)
(1617 -1)
(1618 -1)
(1619 -1)
(1620 -1)
(1621 -1)
(1622 -1)
(1623 -1)
(1624 -1)
(1625 0)
(1626 -1)
(1627 -1)
(1628 0)
(1629 -1)
(1630 0)
(1631 -1)
(1632 -1)
(1633 -1)
(1634 0)
(1635 -1)
(1636 -1)
(1637 0)
(1638 -1)
(1639 0)
(1640 -1)
(1641 0)
(1642 -1)
(1643 -1)
(1644 -1)
(1645 -1)
(1646 -1)
(1647 -1)
(1648 -1)
(1649 -1)
(1650 -1)
(1651 -1)
(1652 -1)
(1653 -1)
(1654 -1)
(1655 -1)
(1656 -1)
(1657 -1)
(1658 -1)
(1659 -1)
(1660 -1)
(1661 -1)
(1662 -1)
(1663 -1)
(1664 -1)
(1665 -1)
(1666 -1)
(1667 -1)
(1668 -1)
(1669 -1)
(1670 -1)
(1671 -1)
(1672 -1)
(1673 -1)
(1674 -1)
(1675 -1)
(1676 -1)
(1677 -1)
(1678 0)
(1679 -1)
(1680 -1)
(1681 1)
(1682 -1)
(1683 0)
(1684 -1)
(1685 -1)
(1686 -1)
(1687 -1)
(1688 -1)
(1689 -1)
(1690 0)
(1691 -1)
(1692 0)
(1693 -1)
(1694 1)
(1695 -1)
(1696 -1)
(1697 0)
(1698 -1)
(1699 -1)
(1700 0)
(1701 0)
(1702 -1)
(1703 -1)
(1704 -1)
(1705 0)
(1706 -1)
(1707 -1)
(1708 1)
(1709 -1)
(1710 -1)
(1711 -1)
(1712 -1)
(1713 0)
(1714 -1)
(1715 -1)
(1716 -1)
(1717 -1)
(1718 -1)
(1719 0)
(1720 -1)
(1721 0)
(1722 -1)
(1723 -1)
(1724 -1)
(1725 0)
(1726 -1)
(1727 -1)
(1728 0)
(1729 -1)
(1730 -1)
(1731 -1)
(1732 -1)
(1733 1)
(1734 -1)
(1735 -1)
(1736 -1)
(1737 0)
(1738 -1)
(1739 -1)
(1740 0)
(1741 -1)
(1742 -1)
(1743 -1)
(1744 -1)
(1745 0)
(1746 -1)
(1747 0)
(1748 -1)
(1749 0)
(1750 0)
(1751 -1)
(1752 -1)
(1753 -1)
(1754 0)
(1755 -1)
(1756 1)
(1757 -1)
(1758 -1)
(1759 -1)
(1760 -1)
(1761 -1)
(1762 -1)
(1763 -1)
(1764 -1)
(1765 1)
(1766 -1)
(1767 -1)
(1768 -1)
(1769 -1)
(1770 -1)
(1771 -1)
(1772 -1)
(1773 -1)
(1774 -1)
(1775 0)
(1776 -1)
(1777 0)
(1778 -1)
(1779 -1)
(1780 -1)
(1781 -1)
(1782 -1)
(1783 -1)
(1784 0)
(1785 -1)
(1786 1)
(1787 0)
(1788 -1)
(1789 0)
(1790 -1)
(1791 -1)
(1792 0)
(1793 -1)
(1794 -1)
(1795 -1)
(1796 -1)
(1797 -1)
(1798 0)
(1799 -1)
(1800 -1)
(1801 -1)
(1802 -1)
(1803 -1)
(1804 -1)
(1805 -1)
(1806 -1)
(1807 -1)
(1808 -1)
(1809 -1)
(1810 -1)
(1811 -1)
(1812 -1)
(1813 -1)
(1814 -1)
(1815 -1)
(1816 -1)
(1817 -1)
(1818 -1)
(1819 -1)
(1820 -1)
(1821 -1)
(1822 -1)
(1823 0)
(1824 -1)
(1825 -1)
(1826 -1)
(1827 -1)
(1828 -1)
(1829 0)
(1830 -1)
(1831 0)
(1832 -1)
(1833 1)
(1834 -1)
(1835 -1)
(1836 0)
(1837 -1)
(1838 0)
(1839 -1)
(1840 -1)
(1841 0)
(1842 -1)
(1843 0)
(1844 0)
(1845 -1)
(1846 -1)
(1847 1)
(1848 0)
(1849 0)
(1850 -1)
(1851 -1)
(1852 -1)
(1853 -1)
(1854 -1)
(1855 -1)
(1856 0)
(1857 -1)
(1858 -1)
(1859 -1)
(1860 -1)
(1861 -1)
(1862 -1)
(1863 -1)
(1864 -1)
(1865 -1)
(1866 0)
(1867 0)
(1868 0)
(1869 -1)
(1870 -1)
(1871 1)
(1872 0)
(1873 -1)
(1874 1)
(1875 -1)
(1876 -1)
(1877 -1)
(1878 0)
(1879 0)
(1880 0)
(1881 0)
(1882 -1)
(1883 -1)
(1884 0)
(1885 -1)
(1886 -1)
(1887 -1)
(1888 0)
(1889 0)
(1890 0)
(1891 -1)
(1892 0)
(1893 0)
(1894 -1)
(1895 -1)
(1896 0)
(1897 0)
(1898 -1)
(1899 -1)
(1900 0)
))